0.125	937	5.625	990	7.875	998	15.125	999	21.625	997	28.125	1000	35.25	1000
0.25	934	5.75	968	8	991	15.25	996	21.75	988	28.25	997	35.375	996
0.375	932	5.875	946	8.125	983	15.375	993	21.875	979	28.375	993	35.5	990
0.5	929	6	925	8.25	975	15.5	989	22	970	28.5	988	35.625	982
0.625	927	6.125	905	8.375	967	15.625	984	22.125	962	28.625	984	35.75	975
0.75	924	6.25	885	8.5	960	15.75	980	22.25	954	28.75	979	35.875	967
0.875	922	6.375	867	8.625	954	15.875	975	22.375	948	28.875	975	36	960
1	919	6.5	849	8.75	948	16	971	22.5	942	29	970	36.125	953
1.125	917	6.625	832	8.875	942	16.125	967	22.625	938	29.125	966	36.25	946
1.25	914	6.75	815	9	937	16.25	962	22.75	933	29.25	962	36.375	940
1.375	912	6.875	798	9.125	933	16.375	958	22.875	929	29.375	958	36.5	935
1.5	910	7	782	9.25	929	16.5	954	23	926	29.5	954	36.625	930
1.625	907	7.125	765	9.375	925	16.625	950	23.125	923	29.625	950	36.75	925
1.75	905	7.25	749	9.5	922	16.75	947	23.25	920	29.75	947	36.875	921
1.875	902	7.375	733	9.625	919	16.875	943	23.375	917	29.875	944	37	918
2	900	7.5	716	9.75	916	17	940	23.5	915	30	941	37.125	914
2.125	898	7.625	701	9.875	913	17.125	937	23.625	913	30.125	938	37.25	911
2.25	895	7.75	686	10	911	17.25	933	23.75	911	30.25	935	37.375	908
2.375	893	7.875	671	10.125	908	17.375	931	23.875	908	30.375	932	37.5	905
2.5	891	8	657	10.25	906	17.5	928	24	907	30.5	930	37.625	903
2.625	888	8.125	643	10.375	904	17.625	925	24.125	905	30.625	927	37.75	900
2.75	886	8.25	630	10.5	902	17.75	922	24.25	903	30.75	925	37.875	898
2.875	884	8.375	617	10.625	900	17.875	920	24.375	901	30.875	923	38	896
3	881	8.5	605	10.75	898	18	917	24.5	900	31	921	38.125	893
3.125	879	8.625	594	10.875	896	18.125	915	24.625	898	31.125	919	38.25	891
3.25	877	8.75	584	11	894	18.25	912	24.75	896	31.25	917	38.375	889
3.375	875	8.875	574	11.125	893	18.375	910	24.875	895	31.375	915	38.5	887
3.5	872	9	564	11.25	891	18.5	908	25	893	31.5	913	38.625	885
3.625	870	9.125	555	11.375	889	18.625	905	25.125	892	31.625	911	38.75	883
3.75	868	9.25	547	11.5	887	18.75	903	25.25	890	31.75	909	38.875	881
3.875	865	9.375	539	11.625	886	18.875	901	25.375	889	31.875	908	39	879
4	863	9.5	532	11.75	884	19	899	25.5	887	32	906	39.125	877
4.125	860	9.625	525	11.875	883	19.125	896	25.625	886	32.125	904	39.25	875
4.25	857	9.75	519	12	881	19.25	894	25.75	884	32.25	903	39.375	873
4.375	855	9.875	513	12.125	879	19.375	892	25.875	883	32.375	901	39.5	870
4.5	852	10	508	12.25	878	19.5	889	26	881	32.5	899	39.625	868
4.625	849	10.125	503	12.375	876	19.625	886	26.125	880	32.625	898	39.75	866
4.75	846	10.25	498	12.5	874	19.75	884	26.25	878	32.75	896	39.875	864
4.875	843	10.375	493	12.625	873	19.875	881	26.375	876	32.875	895	40	861
5	839	10.5	489	12.75	871	20	878	26.5	875	33	893		
5.125	836	10.625	485	12.875	869	20.125	874	26.625	873	33.125	891		
5.25	832	10.75	482	13	867	20.25	871	26.75	871	33.25	890		
5.375	827	10.875	479	13.125	866	20.375	867	26.875	869	33.375	888		
5.5	823	11	475	13.25	864	20.5	862	27	868	33.5	886		
5.625	817	11.125	472	13.375	862	20.625	858	27.125	866	33.625	884		
5.75	812	11.25	470	13.5	860	20.75	852	27.25	864	33.75	882		
5.875	805	11.375	467	13.625	857	20.875	846	27.375	861	33.875	880		
6	798	11.5	465	13.75	855	21	839	27.5	859	34	878		
6.125	789	11.625	462	13.875	853	21.125	832	27.625	857	34.125	876		
6.25	779	11.75	460	14	851	21.25	824	27.75	855	34.25	874		
6.375	768	11.875	458	14.125	848	21.375	815	27.875	852	34.375	871		
6.5	755	12	456	14.25	845	21.5	805	28	850	34.5	869		
6.625	739	12.125	454	14.375	843	21.625	795	28.125	847	34.625	866		
6.75	722	12.25	452	14.5	840	21.75	785	28.25	844	34.75	862		
6.875	702	12.375	451	14.625	836	21.875	775	28.375	841	34.875	859		
7	681	12.5	449	14.75	833	22	765	28.5	839	35	855		
7.125	658	12.625	448	14.875	830	22.125	755	28.625	835	35.125	851		
7.25	634	12.75	446	15	826	22.25	746	28.75	832	35.25	846		
7.375	610	12.875	445	15.125	822	22.375	737	28.875	829	35.375	841		
7.5	588	13	443	15.25	818	22.5	729	29	826	35.5	835		
7.625	568	13.125	442	15.375	814	22.625	721	29.125	822	35.625	829		
7.75	549	13.25	441	15.5	809	22.75	713	29.25	819	35.75	822		
7.875	533	13.375	439	15.625	805	22.875	706	29.375	815	35.875	815		
8	518	13.5	438	15.75	800	23	699	29.5	811	36	806		
8.125	505	13.625	437	15.875	794	23.125	693	29.625	808	36.125	798		
8.25	493	13.75	436	16	789	23.25	687	29.75	804	36.25	789		
8.375	483	13.875	435	16.125	783	23.375	681	29.875	800	36.375	779		
8.5	473	14	434	16.25	777	23.5	676	30	796	36.5	770		
8.625	464	14.125	433	16.375	771	23.625	671	30.125	792	36.625	761		
8.75	456	14.25	432	16.5	765	23.75	666	30.25	788	36.75	752		
8.875	449	14.375	431	16.625	758	23.875	662	30.375	784	36.875	743		
9	441	14.5	430	16.75	752	24	657	30.5	780	37	734		
9.125	435	14.625	429	16.875	745	24.125	653	30.625	776	37.125	727		
9.25	429	14.75	428	17	738	24.25	649	30.75	772	37.25	719		
9.375	423	14.875	427	17.125	730	24.375	646	30.875	769	37.375	712		
9.5	417	15	426	17.25	723	24.5	642	31	765	37.5	706		
9.625	411	15.125	425	17.375	715	24.625	639	31.125	761	37.625	700		
9.75	406	15.25	424	17.5	708	24.75	635	31.25	757	37.75	694		
9.875	401	15.375	423	17.625	700	24.875	632	31.375	753	37.875	689		
10	396	15.5	422	17.75	692	25	629	31.5	749	38	685		
10.125	392	15.625	422	17.875	684	25.125	626	31.625	745	38.125	680		
10.25	387	15.75	421	18	676	25.25	623	31.75	741	38.25	676		
10.375	383	15.875	420	18.125	668	25.375	621	31.875	738	38.375	672		
10.5	378	16	419	18.25	659	25.5	618	32	734	38.5	669		
10.625	374	16.125	418	18.375	651	25.625	616	32.125	730	38.625	665		
10.75	370	16.25	417	18.5	643	25.75	613	32.25	726	38.75	662		
10.875	366	16.375	416	18.625	634	25.875	611	32.375	723	38.875	659		
11	362	16.5	415	18.75	626	26	609	32.5	719	39	656		
11.125	358	16.625	414	18.875	617	26.125	607	32.625	716	39.125	654		
11.25	354	16.75	413	19	609	26.25	604	32.75	712	39.25	651		
11.375	350	16.875	412	19.125	601	26.375	602	32.875	708	39.375	649		
11.5	346	17	411	19.25	592	26.5	600	33	705	39.5	646		
11.625	342	17.125	410	19.375	584	26.625	599	33.125	701	39.625	644		
11.75	338	17.25	409	19.5	576	26.75	597	33.25	698	39.75	642		
11.875	335	17.375	408	19.625	569	26.875	595	33.375	694	39.875	640		
12	331	17.5	407	19.75	561	27	593	33.5	691	40	638		
12.125	327	17.625	405	19.875	554	27.125	592	33.625	688				
12.25	323	17.75	404	20	547	27.25	590	33.75	684				
12.375	319	17.875	403	20.125	541	27.375	588	33.875	681				
12.5	315	18	402	20.25	534	27.5	587	34	677				
12.625	311	18.125	401	20.375	529	27.625	585	34.125	673				
12.75	307	18.25	399	20.5	523	27.75	584	34.25	670				
12.875	303	18.375	398	20.625	518	27.875	582	34.375	666				
13	299	18.5	397	20.75	514	28	581	34.5	663				
13.125	295	18.625	395	20.875	509	28.125	580	34.625	659				
13.25	290	18.75	394	21	505	28.25	578	34.75	655				
13.375	286	18.875	392	21.125	501	28.375	577	34.875	651				
13.5	281	19	391	21.25	498	28.5	576	35	648				
13.625	276	19.125	389	21.375	494	28.625	574	35.125	644				
13.75	271	19.25	388	21.5	491	28.75	573	35.25	639				
13.875	266	19.375	386	21.625	488	28.875	572	35.375	635				
14	261	19.5	385	21.75	486	29	571	35.5	631				
14.125	255	19.625	383	21.875	483	29.125	570	35.625	626				
14.25	250	19.75	381	22	481	29.25	569	35.75	621				
14.375	244	19.875	380	22.125	479	29.375	568	35.875	616				
14.5	239	20	378	22.25	477	29.5	567	36	611				
14.625	233	20.125	377	22.375	475	29.625	566	36.125	606				
14.75	228	20.25	375	22.5	473	29.75	565	36.25	600				
14.875	223	20.375	373	22.625	471	29.875	564	36.375	595				
15	218	20.5	371	22.75	470	30	563	36.5	589				
15.125	214	20.625	370	22.875	468	30.125	562	36.625	583				
15.25	209	20.75	368	23	467	30.25	561	36.75	577				
15.375	205	20.875	366	23.125	465	30.375	560	36.875	571				
15.5	202	21	365	23.25	464	30.5	559	37	566				
15.625	198	21.125	363	23.375	463	30.625	558	37.125	560				
15.75	195	21.25	361	23.5	462	30.75	558	37.25	556				
15.875	192	21.375	360	23.625	461	30.875	557	37.375	552				
16	189	21.5	358	23.75	460	31	556	37.5	549				
16.125	187	21.625	356	23.875	459	31.125	555	37.625	546				
16.25	185	21.75	355	24	458	31.25	554	37.75	543				
16.375	183	21.875	353	24.125	457	31.375	554	37.875	541				
16.5	181	22	351	24.25	456	31.5	553	38	540				
16.625	179	22.125	350	24.375	455	31.625	552	38.125	539				
16.75	177	22.25	348	24.5	454	31.75	551	38.25	537				
16.875	176	22.375	347	24.625	454	31.875	551	38.375	536				
17	174	22.5	345	24.75	453	32	550	38.5	535				
17.125	173	22.625	344	24.875	452	32.125	549	38.625	535				
17.25	172	22.75	342	25	451	32.25	549	38.75	534				
17.375	171	22.875	341	25.125	451	32.375	548	38.875	533				
17.5	169	23	339	25.25	450	32.5	547	39	533				
17.625	168	23.125	338	25.375	450	32.625	547	39.125	532				
17.75	167	23.25	336	25.5	449	32.75	546	39.25	532				
17.875	166	23.375	335	25.625	448	32.875	545	39.375	531				
18	166	23.5	334	25.75	448	33	545	39.5	531				
18.125	165	23.625	332	25.875	447	33.125	544	39.625	530				
18.25	164	23.75	331	26	447	33.25	544	39.75	530				
18.375	163	23.875	329	26.125	446	33.375	543	39.875	529				
18.5	162	24	328	26.25	446	33.5	542	40	529				
18.625	162	24.125	327	26.375	445	33.625	542						
18.75	161	24.25	325	26.5	445	33.75	541						
18.875	161	24.375	324	26.625	444	33.875	541						
19	160	24.5	323	26.75	444	34	540						
19.125	159	24.625	321	26.875	444	34.125	539						
19.25	159	24.75	320	27	443	34.25	539						
19.375	158	24.875	319	27.125	443	34.375	538						
19.5	158	25	318	27.25	442	34.5	538						
19.625	157	25.125	316	27.375	442	34.625	537						
19.75	157	25.25	315	27.5	442	34.75	537						
19.875	157	25.375	314	27.625	441	34.875	536						
20	156	25.5	313	27.75	441	35	535						
20.125	156	25.625	311	27.875	441	35.125	535						
20.25	155	25.75	310	28	440	35.25	534						
20.375	155	25.875	309	28.125	440	35.375	534						
20.5	155	26	308	28.25	439	35.5	533						
20.625	154	26.125	306	28.375	439	35.625	532						
20.75	154	26.25	305	28.5	439	35.75	531						
20.875	154	26.375	304	28.625	438	35.875	531						
21	153	26.5	303	28.75	438	36	530						
21.125	153	26.625	302	28.875	438	36.125	529						
21.25	153	26.75	300	29	438	36.25	528						
21.375	153	26.875	299	29.125	437	36.375	527						
21.5	152	27	298	29.25	437	36.5	526						
21.625	152	27.125	297	29.375	437	36.625	524						
21.75	152	27.25	296	29.5	436	36.75	523						
21.875	151	27.375	295	29.625	436	36.875	521						
22	151	27.5	293	29.75	436	37	519						
22.125	151	27.625	292	29.875	436	37.125	516						
22.25	151	27.75	291	30	435	37.25	513						
22.375	151	27.875	290	30.125	435	37.375	510						
22.5	150	28	289	30.25	435	37.5	506						
22.625	150	28.125	287	30.375	435	37.625	502						
22.75	150	28.25	286	30.5	434	37.75	497						
22.875	150	28.375	285	30.625	434	37.875	493						
23	150	28.5	284	30.75	434	38	488						
23.125	150	28.625	283	30.875	433	38.125	484						
23.25	149	28.75	281	31	433	38.25	480						
23.375	149	28.875	280	31.125	433	38.375	476						
23.5	149	29	279	31.25	433	38.5	473						
23.625	149	29.125	278	31.375	432	38.625	469						
23.75	149	29.25	277	31.5	432	38.75	466						
23.875	149	29.375	275	31.625	432	38.875	464						
24	148	29.5	274	31.75	432	39	461						
24.125	148	29.625	273	31.875	431	39.125	459						
24.25	148	29.75	272	32	431	39.25	457						
24.375	148	29.875	271	32.125	431	39.375	455						
24.5	148	30	270	32.25	431	39.5	453						
24.625	148	30.125	268	32.375	430	39.625	451						
24.75	148	30.25	267	32.5	430	39.75	450						
24.875	148	30.375	266	32.625	430	39.875	448						
25	147	30.5	265	32.75	430	40	447						
25.125	147	30.625	263	32.875	429								
25.25	147	30.75	262	33	429								
25.375	147	30.875	261	33.125	429								
25.5	147	31	260	33.25	428								
25.625	147	31.125	259	33.375	428								
25.75	147	31.25	257	33.5	428								
25.875	147	31.375	256	33.625	428								
26	147	31.5	255	33.75	427								
26.125	147	31.625	254	33.875	427								
26.25	147	31.75	253	34	427								
26.375	146	31.875	251	34.125	426								
26.5	146	32	250	34.25	426								
26.625	146	32.125	249	34.375	426								
26.75	146	32.25	248	34.5	425								
26.875	146	32.375	246	34.625	425								
27	146	32.5	245	34.75	425								
27.125	146	32.625	244	34.875	424								
27.25	146	32.75	243	35	424								
27.375	146	32.875	242	35.125	423								
27.5	146	33	240	35.25	423								
27.625	146	33.125	239	35.375	422								
27.75	146	33.25	238	35.5	422								
27.875	146	33.375	237	35.625	422								
28	146	33.5	236	35.75	421								
28.125	146	33.625	235	35.875	420								
28.25	146	33.75	234	36	420								
28.375	145	33.875	232	36.125	419								
28.5	145	34	231	36.25	419								
28.625	145	34.125	230	36.375	418								
28.75	145	34.25	229	36.5	417								
28.875	145	34.375	228	36.625	417								
29	145	34.5	227	36.75	416								
29.125	145	34.625	226	36.875	415								
29.25	145	34.75	225	37	414								
29.375	145	34.875	224	37.125	413								
29.5	145	35	223	37.25	412								
29.625	145	35.125	222	37.375	411								
29.75	145	35.25	221	37.5	410								
29.875	145	35.375	220	37.625	408								
30	145	35.5	219	37.75	407								
30.125	145	35.625	218	37.875	405								
30.25	145	35.75	217	38	404								
30.375	145	35.875	216	38.125	402								
30.5	145	36	215	38.25	400								
30.625	145	36.125	214	38.375	398								
30.75	145	36.25	214	38.5	396								
30.875	145	36.375	213	38.625	394								
31	145	36.5	212	38.75	392								
31.125	145	36.625	211	38.875	390								
31.25	145	36.75	210	39	388								
31.375	145	36.875	209	39.125	386								
31.5	144	37	209	39.25	383								
31.625	144	37.125	208	39.375	381								
31.75	144	37.25	207	39.5	379								
31.875	144	37.375	206	39.625	376								
32	144	37.5	206	39.75	374								
32.125	144	37.625	205	39.875	371								
32.25	144	37.75	204	40	369								
32.375	144	37.875	203										
32.5	144	38	203										
32.625	144	38.125	202										
32.75	144	38.25	201										
32.875	144	38.375	201										
33	144	38.5	200										
33.125	144	38.625	199										
33.25	144	38.75	199										
33.375	144	38.875	198										
33.5	144	39	198										
33.625	144	39.125	197										
33.75	144	39.25	196										
33.875	144	39.375	196										
34	144	39.5	195										
34.125	144	39.625	195										
34.25	144	39.75	194										
34.375	144	39.875	194										
34.5	144	40	193										
34.625	144												
34.75	144												
34.875	144												
35	144												
35.125	144												
35.25	144												
35.375	144												
35.5	144												
35.625	144												
35.75	144												
35.875	144												
36	144												
36.125	144												
36.25	144												
36.375	144												
36.5	144												
36.625	144												
36.75	144												
36.875	144												
37	144												
37.125	144												
37.25	144												
37.375	144												
37.5	144												
37.625	144												
37.75	144												
37.875	143												
38	143												
38.125	143												
38.25	144												
38.375	143												
38.5	143												
38.625	144												
38.75	144												
38.875	144												
39	143												
39.125	143												
39.25	143												
39.375	143												
39.5	143												
39.625	143												
39.75	143												
39.875	143												
40	143												
